1,6,11,16,21,26,31,36,41,46,51,56,61,66,71,76,81,86,91,96
4,9,14,19,24,29,34,39,44,49,54,59,64,69,74,79,84,89,94,99
1,5,6,10,11,15,16,20,21,25,26,30,31,35,36,40,41,45,46,50,51,55,56,60,61,65,66,70,71,75,76,80,81,85,86,90,91,95,96,100
2,7,12,17,22,27,32,37,42,47,52,57,62,67,72,77,82,87,92,97
2,4,7,9,12,14,17,19,22,24,27,29,32,34,37,39,42,44,47,49,52,54,57,59,62,64,67,69,72,74,77,79,82,84,87,89,92,94,97,99
5,10,15,20,25,30,35,40,45,50,55,60,65,70,75,80,85,90,95,100
1,6,11,16,21,26,31,36,41,46,51,56,61,66,71,76,81,86,91,96
3,8,13,18,23,28,33,38,43,48,53,58,63,68,73,78,83,88,93,98
5,10,15,20,25,30,35,40,45,50,55,60,65,70,75,80,85,90,95,100
3,8,13,18,23,28,33,38,43,48,53,58,63,68,73,78,83,88,93,98
3,8,13,18,23,28,33,38,43,48,53,58,63,68,73,78,83,88,93,98
1,6,11,16,21,26,31,36,41,46,51,56,61,66,71,76,81,86,91,96
2,7,12,17,22,27,32,37,42,47,52,57,62,67,72,77,82,87,92,97
3,8,13,18,23,28,33,38,43,48,53,58,63,68,73,78,83,88,93,98
2,4,7,9,12,14,17,19,22,24,27,29,32,34,37,39,42,44,47,49,52,54,57,59,62,64,67,69,72,74,77,79,82,84,87,89,92,94,97,99
5,10,15,20,25,30,35,40,45,50,55,60,65,70,75,80,85,90,95
4,9,14,19,24,29,34,39,44,49,54,59,64,69,74,79,84,89,94,99
