4,9,14,19,24,29,34,39,44,49,54,59,64,69,74,79,84,89,94,99
1,6,11,16,21,26,31,36,41,46,51,56,61,66,71,76,81,86,91,96
5,10,15,20,25,30,35,40,45,50,55,60,65,70,75,80,85,90,95,100
1,2,6,7,11,12,16,17,21,22,26,27,31,32,36,37,41,42,46,47,51,52,56,57,61,62,66,67,71,72,76,77,81,82,86,87,91,92,96,97
2,7,12,17,22,27,32,37,42,47,52,57,62,67,72,77,82,87,92,97
3,8,13,18,23,28,33,38,43,48,53,58,63,68,73,78,83,88,93,98
3,8,13,18,23,28,33,38,43,48,53,58,63,68,73,78,83,88,93,98
4,9,14,19,24,29,34,39,44,49,54,59,64,69,74,79,84,89,94,99
5,10,15,20,25,30,35,40,45,50,55,60,65,70,75,80,85,90,95,100
2,7,12,17,22,27,32,37,42,47,52,57,62,67,72,77,82,87,92,97
5,10,15,20,25,30,35,40,45,50,55,60,65,70,75,80,85,90,95,100
5,10,15,20,25,30,35,40,45,50,55,60,65,70,75,80,85,90,95,100
1,6,11,16,21,26,31,36,41,46,51,56,61,66,71,76,81,86,91,96
1,2,4,6,7,9,11,12,14,16,17,19,21,22,24,26,27,29,31,32,34,36,37,39,41,42,44,46,47,49,51,52,54,56,57,59,61,62,64,66,67,69,71,72,74,76,77,79,81,82,84,86,87,89,91,92,94,96,97,99
3,8,13,18,23,28,33,38,43,48,53,58,63,68,73,78,83,88,93,98
4,9,14,19,24,29,34,39,44,49,54,59,64,69,74,79,84,89,94,99
3,8,13,18,23,28,33,38,43,48,53,58,63,68,73,78,83,88,93,98
